c
e -50 50 100
a 1 -1 -2
u 0 1 0
d 114
i 40 30
p 40 30
f 22
c

o
ms 2 4
s 3
gi 2
rc 2
rf 0
c 1
dof 1
accel 1
hilbert 0
o

m
ki 1 1 1
m
p 0 1 0 0 -0.1 0

m
kd 0.65 0.5 0.39
ks 0.3 0.25 0.2
p 20
m

push
	rot 1 0 0 90
	push
		move -13 7.9 0
		yb 1 10
	pop
	push
		move 13 7.9 0
		yb 1 10
	pop
	move 0 7.9 0
	yb 1 10
pop

t	20 3 -10	-20 3 -10	-20 3 10
t	20 3 -10	-20 3 10	20 3 10

t	20 3 10		-20 3 10	-20 0 10
t	20 3 10		-20 0 10	20 0 10

t	-20 3 10	-20 3 -10	-20 0 -10
t	-20 3 10	-20 0 -10	-20 0 10

t	20 3 -10	20 3 10		20 0 10
t	20 3 -10	20 0 10		20 0 -10

t	-20 3 -10	20 3 -10	20 0 -10
t	-20 3 -10	20 0 -10	-20 0 -10

t	20 0 10		-20 0 10	20 0 -10
t	20 0 -10	-20 0 10	-20 0 -10

m
kd .7 .7 .7
ks .3 .3 .3
p 20
m

push
	rot 1 0 0 -90
	move -13 4.1 0

m
kd 0.5 0.1 0.1
ks 0.1 0.001 0.001
p 20
m
	yb 6 2
	move 0 2.1 0
m
kd 0.1 0.5 0.1
ks 0.001 0.01 0.001
p 20
m
	yb 5 2
	move 0 2.1 0
m
kd 0.1 0.1 0.5
ks 0.001 0.001 0.1
p 20
m
	yb 4 2
	move 0 2.1 0
m
kd 0.3 0.3 0.3
ks 0.01 0.01 0.01
p 10
m
	yb 3 2
pop
/*
l
p -20 20 -20
c .5 .5 .5
r 1
k 1
point
*/
l
p 20 20 20
c .5 .5 .5
r 1
k 1
point
