-0.696755 0.604289 -0.386481
-0.357517 0.91874 -0.167627
-0.211343 0.918406 0.334462
-0.906492 0.0358977 0.420694
-0.499399 0.803393 -0.324286
-0.9887 0.119956 -0.089905
-0.471056 0.628679 0.618764
-0.538375 0.0817566 0.83873
0.239032 0.506697 -0.828325
-0.348911 0.786508 0.509575
0.383135 0.740866 -0.551657
0.15019 0.900548 0.40799
-0.884619 0.466309 0.00229195
-0.584646 0.451558 0.674007
-0.669633 0.583353 0.459664
-0.20052 0.305874 0.930717
-0.319869 0.436998 -0.840664
0.344066 0.87806 -0.33261
0.389931 0.857033 0.33682
0.777241 0.582271 -0.238447
0.416753 0.613786 -0.67051
0.474225 0.718711 -0.508493
0.0583084 0.5735 0.817128
-0.624165 0.549391 0.555506
-0.112361 0.626234 -0.771496
0.0332881 0.795537 -0.60499
-0.626926 0.779078 0.00102487
0.302411 0.775442 -0.554291
-0.853004 0.382555 -0.355016
-0.676634 0.614404 0.4058
0.6654 0.708126 -0.236222
0.720971 0.687149 -0.0895892
0.809757 0.490024 -0.322754
-0.000679576 0.854846 -0.518882
-0.649347 0.559197 0.515409
-0.763146 0.615737 -0.196152
-0.615137 0.746274 0.254326
-0.514823 0.51911 0.682262
0.0453084 0.972759 0.227348
-0.118943 0.972135 -0.202004
-0.898432 0.432774 -0.0743344
0.249528 0.626974 0.737997
0.335147 0.0807618 -0.938698
0.690729 0.384855 0.612193
-0.654539 0.692962 -0.302295
-0.69151 0.508251 0.513318
0.249397 0.525206 -0.81361
-0.665658 0.517356 0.537813
-0.932341 0.243399 -0.267391
0.228077 0.747252 0.624176
0.52404 0.522811 -0.672347
-0.446907 0.750623 0.486661
0.164281 0.934396 0.316095
-0.589688 0.796725 -0.13228
-0.0930049 0.735235 0.671401
-0.730804 0.673089 -0.113473
0.603899 0.797055 0.00310671
0.704331 0.415009 -0.575921
-0.373931 0.724567 0.578946
0.396151 0.916759 -0.0511613
0.155107 0.942229 -0.296895
0.00650962 0.140986 -0.98999
0.549791 0.480409 -0.683328
0.501664 0.742598 -0.443713
-0.177701 0.630124 0.755888
0.672581 0.465561 0.575228
0.0880012 0.938968 0.332559
-0.356811 0.838752 0.411317
0.401027 0.70725 0.582215
0.0615479 0.957532 0.281682
-0.24313 0.562651 0.790134
-0.766495 0.283161 -0.576459
0.000722537 0.571012 0.820941
-0.687198 0.719362 -0.101375
0.769614 0.300322 0.563473
-0.0539279 0.896216 -0.440328
-0.385508 0.525008 -0.758782
0.205182 0.673625 0.710021
-0.412484 0.910858 0.0139451
-0.640751 0.670578 0.373849
0.2722 0.959283 -0.0753862
0.51875 0.85066 -0.0853038
0.496107 0.270063 -0.825193
0.62658 0.290625 0.723142
0.287161 0.797723 -0.530261
-0.184488 0.47716 0.859233
-0.410925 0.895762 -0.169558
-0.489011 0.837997 -0.242135
0.016341 0.941689 0.336088
0.210688 0.74751 0.629952
-0.529835 0.472422 0.704338
-0.188999 0.835394 0.516136
-0.679847 0.733283 -0.0102012
0.0914886 0.970225 -0.224259
0.658234 0.705782 -0.261916
0.0494851 0.996405 0.0687564
-0.254834 0.638578 0.726139
-0.589777 0.781933 0.201852
-0.334035 0.715458 0.613629
0.484704 0.816295 0.314204
0.130626 0.792356 0.59591
-0.465082 0.70347 0.537428
0.0854904 0.924573 0.371289
-0.468392 0.64129 -0.607747
0.321162 0.097314 -0.942011
-0.192797 0.969833 0.149173
0.381323 0.767755 -0.514923
-0.795547 0.557719 -0.236757
0.348374 0.937324 -0.00766274
0.677275 0.253601 -0.690641
-0.28936 0.930768 -0.223475
0.383063 0.800941 0.46017
0.882758 0.384111 0.270548
0.162792 0.977246 0.135971
0.645695 0.630456 0.430817
0.0589816 0.996588 0.0577293
0.395069 0.431197 0.811165
-0.444277 0.8953 -0.0324775
-0.0983828 0.466621 -0.878968
-0.416117 0.643251 0.642709
0.819194 0.560638 -0.120857
0.614326 0.70996 0.344327
0.695642 0.665149 -0.271402
-0.603062 0.230694 0.763607
0.547878 0.409835 0.729291
-0.535219 0.671853 -0.51201
-0.898589 0.394146 0.192837
0.516457 0.489326 -0.702732
-0.394316 0.913544 0.0997614
0.856027 0.327765 -0.399735
-0.941348 0.335106 -0.0395898
0.232834 0.737572 -0.633858
0.173605 0.859335 -0.481045
0.0898114 0.753942 -0.650773
0.694821 0.426103 0.579362
-0.468677 0.73033 -0.49695
-0.300592 0.566842 -0.76703
-0.0148829 0.987783 0.155124
-0.104185 0.964766 -0.241605
0.18075 0.837656 0.515424
-0.160041 0.637149 0.753941
0.723494 0.583639 -0.368676
0.00877818 0.808031 -0.589075
0.572138 0.669391 -0.473892
0.483407 0.874508 0.0394052
0.577011 0.493776 -0.650572
-0.671 0.72927 0.133882
0.113369 0.932703 -0.342364
-0.153193 0.905508 0.39571
0.0926246 0.94555 -0.312018
0.242816 0.644845 -0.724717
-0.293441 0.872777 0.390067
0.333316 0.925083 0.181995
-0.122896 0.850394 -0.511592
0.627095 0.553332 0.548248
-0.324681 0.939142 0.112221
0.309983 0.928979 0.202261
-0.840449 0.536353 -0.0772722
-0.61032 0.788789 -0.072945
-0.038359 0.54423 -0.838059
-0.670633 0.657517 -0.343398
0.266535 0.963552 -0.022938
0.398696 0.604482 -0.689669
-0.913377 0.329094 0.239666
0.111088 0.954827 -0.275618
-0.284122 0.544596 0.789107
0.738406 0.666417 -0.103174
-0.226495 0.742129 -0.630828
0.0275826 0.398589 0.916715
-0.840361 0.530925 -0.109144
0.359272 0.850518 -0.384112
-0.0721495 0.870095 -0.487575
-0.551317 0.762682 -0.338179
0.71032 0.563921 -0.421235
-0.26789 0.781512 0.563448
-0.453305 0.199098 0.868835
0.324553 0.722397 0.61058
0.0502574 0.973068 0.224975
0.376674 0.644226 0.665649
-0.311769 0.874457 -0.371652
-0.621756 0.721759 0.30411
-0.0245647 0.98826 -0.150796
-0.714089 0.650961 0.257539
-0.299034 0.903655 -0.306571
-0.773328 0.553896 -0.308484
0.296379 0.88066 -0.369591
0.246664 0.204629 0.947251
-0.309117 0.622076 0.719353
0.0783754 0.990511 -0.112894
0.560955 0.402484 0.72342
0.451773 0.542262 0.708416
-0.52067 0.796834 0.306527
-0.278173 0.891977 0.356365
-0.407543 0.69192 0.595949
-0.167266 0.945186 0.280438
-0.291759 0.887514 0.356646
-0.0348262 0.999391 0.0020454
0.583544 0.658824 0.474791
0.505944 0.219148 0.834263
0.32236 0.830987 0.453371
-0.894358 0.320752 0.311836
-0.0941095 0.74437 -0.661103
0.769189 0.33621 -0.543425
-0.402936 0.900648 0.162714
0.393411 0.917474 -0.0589007
-0.322646 0.9105 0.25863
0.268622 0.50228 -0.821923
0.902378 0.116043 -0.415027
-0.840973 0.283549 0.46083
0.204601 0.726322 -0.656197
-0.403903 0.593111 0.696478
0.763329 0.202573 -0.613427
0.488097 0.789224 -0.372675
0.694701 0.713742 -0.0892339
0.858934 0.4538 0.237272
-0.869909 0.417532 -0.262537
0.229566 0.923192 -0.308247
-0.840408 0.460619 0.285559
0.045673 0.939464 -0.339589
-0.520882 0.836876 -0.168287
-0.626784 0.71454 0.310764
0.145828 0.975198 -0.1665
-0.298443 0.920345 -0.25278
-0.535998 0.843297 0.0394427
0.812607 0.454488 0.364844
-0.841697 0.108894 0.528856
0.13903 0.735555 -0.663045
-0.278022 0.951024 0.135122
-0.17492 0.831635 0.527055
-0.43103 0.532929 0.728148
-0.253018 0.529081 0.809972
0.110487 0.508352 -0.854032
0.340049 0.918939 0.199795
-0.363699 0.20088 -0.909599
0.824801 0.564826 -0.0259778
0.800866 0.512012 0.310575
-0.494511 0.343078 -0.798597
0.298719 0.436267 0.848786
0.323506 0.216218 0.921191
0.183351 0.858563 0.478803
0.593483 0.791095 -0.148143
0.434587 0.811311 0.391036
0.700762 0.563164 0.437925
0.277916 0.637945 0.718184
0.629538 0.593438 -0.501512
0.172484 0.984576 -0.0293175
0.490313 0.866628 0.0924556
0.62956 0.509236 -0.5868
0.0543859 0.324818 -0.944212
-0.828254 0.35308 -0.43512
0.877914 0.478259 -0.0231571
-0.886542 0.431802 -0.166106
0.0483516 0.992453 0.112688
0.146453 0.669115 0.728586
0.2509 0.205642 -0.945918
0.594061 0.790183 0.150674
-0.355181 0.833188 0.423845
0.0689804 0.98136 0.179372
-0.0414818 0.90121 -0.431393
0.712203 0.39554 -0.579926
-0.618839 0.763962 -0.182758
0.764266 0.43552 0.475626
0.683957 0.691459 -0.232569
-0.315308 0.928224 -0.197438
0.388638 0.861451 0.326897
-0.523543 0.627158 -0.576693
-0.617852 0.353266 0.702468
0.821154 0.403683 -0.403419
0.515357 0.587422 -0.623974
0.509995 0.712813 0.481459
-0.515149 0.493851 0.700523
0.371904 0.594629 -0.712814
-0.501184 0.462883 -0.731132
-0.961214 0.0912116 -0.260283
-0.788631 0.531101 -0.309828
0.473335 0.853999 -0.215963
-0.606887 0.383201 0.696309
-0.46771 0.752065 0.464377
0.275957 0.928581 -0.248165
-0.509076 0.723324 -0.466524
0.396562 0.480607 -0.782148
0.784359 0.410744 0.464834
0.711245 0.688545 -0.141551
0.469129 0.769587 0.433191
0.841034 0.247749 -0.480919
-0.60764 0.62382 0.491552
-0.246577 0.9642 0.0975606
0.0644652 0.955084 0.289238
-0.400461 0.824713 0.399349
-0.0509979 0.713376 -0.698923
-0.415698 0.768982 -0.485657
0.206662 0.918475 0.337186
0.556994 0.311657 -0.769823
-0.564989 0.519104 -0.641341
-0.562491 0.59096 -0.578247
0.297916 0.928868 0.220113
-0.0998504 0.823694 0.558175
-0.763144 0.633523 0.127511
-0.468293 0.787281 -0.401111
-0.371611 0.734214 0.568186
0.303982 0.92919 0.210241
0.434811 0.878104 0.199681
0.840565 0.397763 -0.367743
0.534546 0.415617 -0.735883
0.449039 0.677762 0.582239
-0.518388 0.724653 -0.454041
0.168396 0.959884 -0.224201
0.601623 0.661644 0.447524
0.157506 0.876364 0.455168
0.370402 0.861364 -0.34764
0.722903 0.581996 -0.372413
0.0978985 0.764495 -0.637152
0.466052 0.750944 -0.467844
0.774564 0.632461 -0.00666258
-0.230129 0.854042 0.466533
0.676365 0.699091 0.231951
0.0729153 0.978902 0.19088
0.32153 0.648077 -0.690372
-0.120761 0.748814 -0.651685
-0.0321867 0.955004 -0.29484
-0.386905 0.794806 0.467534
-0.693948 0.666178 -0.273208
0.73689 0.673099 -0.0627015
0.822735 0.553736 0.128392
0.805759 0.572668 -0.15101
0.150928 0.905692 -0.39616
-0.26966 0.844033 -0.463565
-0.707304 0.592744 0.385195
0.815081 0.503445 -0.28668
-0.577961 0.379551 0.722428
0.884661 0.428356 -0.184082
-0.163684 0.961627 -0.220185
0.262244 0.963378 -0.0559598
0.637835 0.733198 0.235769
0.116939 0.947111 0.298842
-0.22022 0.923856 0.313038
0.00469496 0.995082 -0.0989478
-0.342524 0.871636 0.350611
0.128584 0.973171 -0.190799
0.374043 0.69367 0.61556
0.753261 0.39291 -0.527465
-0.259885 0.783225 -0.564818
-0.429534 0.805485 0.408282
-0.00589847 0.980103 -0.198401
0.544941 0.834918 -0.0771483
0.068247 0.967558 -0.243256
-0.29725 0.951977 -0.0733684
0.540213 0.647683 0.537287
-0.164436 0.985248 0.0474096
0.433538 0.753021 -0.494978
0.177862 0.912312 -0.368852
-0.121041 0.481536 -0.868028
-0.295356 0.739659 0.604706
-0.368232 0.492599 -0.788512
-0.633033 0.731186 -0.254238
0.35278 0.50791 -0.785859
-0.400544 0.916074 0.0193054
0.271698 0.955351 0.116127
0.247017 0.567384 -0.78553
0.702694 0.430672 -0.566342
0.911331 0.349931 -0.216848
-0.111388 0.635303 -0.764188
-0.28237 0.879146 -0.383887
0.621595 0.767368 0.157373
0.805854 0.577593 -0.130332
0.261068 0.926599 -0.270661
-0.688412 0.67267 0.2713
-0.122614 0.991581 -0.0416244
0.500136 0.851402 0.158049
-0.987924 0.0935919 0.123476
-0.14769 0.919797 -0.363539
0.472108 0.477694 0.740893
0.633011 0.70646 -0.316561
-0.79688 0.528155 0.293317
-0.753955 0.647646 0.110028
0.821239 0.568917 -0.0435833
-0.412381 0.332106 0.84832
-0.403331 0.685093 0.606606
-0.559478 0.768313 0.310934
-0.57067 0.664971 -0.481819
0.320659 0.464113 -0.825697
-0.359768 0.680752 -0.638078
-0.464467 0.885039 -0.0312612
0.548807 0.811142 -0.202137
-0.0384557 0.978181 0.204163
-0.742696 0.596144 0.304984
0.789721 0.605054 0.101243
0.0716137 0.708828 -0.701737
-0.71434 0.68868 -0.124251
0.768203 0.636843 -0.0655334
-0.498684 0.553764 0.666828
-0.424033 0.473387 0.772076
-0.122933 0.393216 -0.911191
0.10113 0.664602 -0.740322
-0.257321 0.730558 -0.632512
0.265814 0.825756 0.497463
-0.225242 0.795517 -0.562511
-0.635717 0.358958 0.683384
0.732888 0.667723 -0.13047
-0.769427 0.273512 -0.577211
0.471008 0.832583 -0.291475
0.746269 0.542077 -0.38631
-0.200683 0.975515 0.0899854
-0.274056 0.709079 0.649693
-0.901293 0.167073 -0.399696
-0.852225 0.488113 -0.188301
0.0575642 0.944051 -0.324736
-0.138903 0.978177 -0.154518
-0.714795 0.429238 -0.552108
-0.050177 0.925872 -0.374491
0.0436465 0.832677 -0.552036
0.498918 0.783844 0.369688
-0.558008 0.235866 -0.795609
0.34217 0.484947 -0.804827
0.455908 0.422431 0.78339
-0.663521 0.707499 0.24328
-0.048676 0.99737 -0.0537039
0.36145 0.800541 0.478003
-0.354405 0.694233 0.626449
-0.24584 0.962266 0.116649
0.0719242 0.141132 0.987375
-0.116314 0.961705 0.248183
-0.659977 0.690165 0.296821
0.549456 0.819484 0.162923
0.51838 0.704722 -0.484406
-0.175075 0.789994 -0.587586
-0.349885 0.832913 0.428761
-0.839496 0.509987 0.187509
-0.240837 0.709036 -0.662771
-0.128738 0.9862 -0.104092
0.416548 0.82429 -0.38345
0.442557 0.654206 0.613318
-0.290564 0.803402 -0.519728
0.856732 0.415894 -0.305029
0.648271 0.70351 0.291234
0.539788 0.841791 0.00415478
-0.723572 0.556015 0.409013
0.209451 0.577997 0.788702
-0.202657 0.92017 0.334989
0.899725 0.431857 -0.0632039
-0.247286 0.809985 -0.531765
-0.61272 0.786316 0.0792565
0.354971 0.307482 0.882865
-0.79866 0.466441 0.380231
-0.957625 0.276936 -0.0791292
-0.672945 0.723366 0.154554
0.417106 0.435559 -0.797691
0.514879 0.732926 -0.444656
-0.247696 0.96846 -0.0270407
-0.427295 0.553451 0.714921
-0.250811 0.680331 0.688653
-0.609205 0.583436 -0.537096
0.453487 0.780548 -0.430226
0.308399 0.788364 0.532327
-0.671744 0.717913 0.182649
-0.0671002 0.362989 0.929374
-0.558557 0.817038 0.143049
-0.633096 0.738271 -0.232692
0.2968 0.242332 0.92368
-0.720744 0.644888 -0.254261
0.641183 0.269937 0.718344
-0.307336 0.940176 0.147016
-0.11064 0.583431 -0.804591
-0.554499 0.829756 -0.0635214
0.538593 0.834714 0.114758
0.259257 0.909101 0.32607
0.167428 0.585861 -0.792928
0.258247 0.378331 0.888917
0.155462 0.87478 0.458902
-0.186107 0.820312 0.540789
-0.675078 0.681729 0.281982
0.0258764 0.289761 -0.956749
0.569335 0.556068 -0.605513
0.521768 0.616683 -0.589457
-0.0990624 0.983125 -0.153795
0.647463 0.497583 0.577237
0.788425 0.439146 0.43074
-0.267311 0.719751 -0.640706
0.929189 0.368391 0.0299219
0.0855037 0.686994 -0.721615
-0.571084 0.341793 0.746352
0.754279 0.297457 -0.585305
-0.921762 0.273148 0.275217
-0.13276 0.149342 -0.979833
0.0721254 0.755327 0.651368
-0.00268667 0.990509 -0.13742
-0.121818 0.818786 -0.561026
0.599135 0.693924 0.399382
0.862955 0.443668 0.2418
0.0162764 0.982613 -0.184952
-0.506933 0.210068 0.835997
-0.175184 0.793961 0.582183
-0.722054 0.606182 -0.333439
-0.782741 0.6028 -0.154754
-0.591361 0.647226 0.481031
0.916758 0.347954 0.196172
0.886652 0.392939 -0.243819
-0.649047 0.672563 0.355523
-0.167457 0.979251 0.114133
-0.475222 0.183785 0.860457
0.761628 0.101884 0.639955
-0.540538 0.730815 0.416807
-0.604931 0.755938 -0.250233
-0.318585 0.570696 -0.756842
0.573287 0.779424 0.252665
-0.75527 0.528605 -0.387485
0.124166 0.863541 -0.488753
-0.410047 0.892274 -0.188968
-0.0279472 0.986275 0.162726
-0.940818 0.0815819 -0.328947
0.472284 0.546649 -0.691463
0.492801 0.761548 0.420942
-0.548462 0.274148 -0.789958
-0.226502 0.266878 -0.936735
-0.262089 0.953148 -0.151055
0.751549 0.147511 0.642973
-0.481998 0.876142 -0.00729847
-0.0524452 0.364435 0.929751
0.69703 0.45195 0.556678
-0.370132 0.920801 -0.122995
-0.507403 0.810924 -0.291454
-0.0111563 0.997219 0.0736925
-0.548255 0.792286 0.267768
-0.883943 0.456196 0.102615
-0.459753 0.489033 0.741265
0.698909 0.713099 0.0549089
0.310309 0.818266 0.48389
0.129548 0.651909 -0.747149
-0.921244 0.386293 -0.045688
-0.693771 0.592073 0.410037
-0.466141 0.50561 0.725997
0.0599623 0.691535 0.71985
-0.115192 0.767469 0.630653
0.203559 0.9075 -0.367433
0.671606 0.703192 -0.23338
0.16011 0.977164 -0.139696
0.434294 0.814035 -0.385662
-0.712015 0.260327 0.652123
0.909025 0.380486 -0.17001
-0.429321 0.902083 0.0439264
-0.352964 0.573551 -0.739226
0.794232 0.347237 0.49862
0.885765 0.193814 0.421732
-0.182506 0.665088 0.72412
-0.121659 0.837031 -0.533458
-0.799748 0.555677 -0.227212
0.577551 0.815466 -0.0380916
0.327524 0.10329 -0.93918
-0.184143 0.938077 0.293432
0.147705 0.987348 -0.0576794
0.702411 0.239023 0.670438
0.0782136 0.437538 0.895792
-0.634307 0.507203 0.583438
-0.205351 0.75186 0.626528
-0.872134 0.40692 0.271659
0.0210886 0.792927 -0.608951
0.335761 0.842446 -0.421367
0.60442 0.0492677 -0.795141
0.900743 0.0696005 -0.428739
-0.435672 0.753711 0.492047
-0.0789793 0.434041 0.897425
-0.529503 0.771959 -0.351719
-0.603592 0.547531 -0.579556
-0.472268 0.856459 0.208426
-0.172237 0.961429 -0.214448
0.461597 0.844279 -0.272251
-0.703497 0.60481 0.373226
-0.868033 0.388444 -0.309242
-0.582857 0.333265 0.741088
0.385595 0.674613 0.629455
0.304558 0.816618 0.490285
-0.0294423 0.259908 0.965184
-0.132689 0.811206 0.569507
0.808375 0.410805 0.421628
0.51869 0.83935 0.162643
0.339436 0.59852 0.725643
-0.157551 0.892847 -0.421903
-0.484049 0.371907 -0.792074
-0.390068 0.799093 -0.457491
-0.657799 0.503452 0.560212
0.0116739 0.470263 -0.882449
-0.731977 0.51337 0.447953
0.909854 0.328102 -0.253998
0.843166 0.521766 0.129734
0.298642 0.288211 0.909806
-0.329708 0.23744 0.913737
0.0895947 0.761484 -0.641962
-0.592288 0.393733 0.702971
0.626305 0.755749 -0.191274
-0.432074 0.463277 0.773749
-0.136741 0.828033 0.543749
0.705847 0.67333 -0.220016
-0.244748 0.95031 0.192378
0.230016 0.367937 -0.900952
-0.760786 0.647374 -0.045951
-0.143493 0.926083 0.348969
-0.564263 0.825554 -0.00825225
-0.661571 0.597901 0.452591
-0.439625 0.883045 0.164199
-0.569122 0.700507 -0.43057
-0.102841 0.956043 0.274599
0.601526 0.569769 -0.559937
0.309777 0.848447 -0.429157
-0.672973 0.686359 -0.275714
0.136395 0.88354 -0.448056
0.25848 0.93743 0.233267
0.532266 0.513332 -0.673188
0.0655632 0.567616 0.820679
0.111353 0.0751704 0.990934
-0.431392 0.345676 0.833312
-0.201649 0.919793 0.336627
0.592792 0.542477 -0.595244
0.114475 0.904179 0.411529
-0.55714 0.830199 0.01911
0.471352 0.379368 0.796183
0.623522 0.357802 -0.695125
-0.747294 0.502782 -0.434468
0.122166 0.434497 -0.89235
0.609928 0.53977 0.580204
0.240998 0.715391 -0.655848
-0.83221 0.493405 0.252937
0.288459 0.799466 0.526921
-0.22655 0.342336 -0.911856
0.881972 0.351137 0.314371
-0.715852 0.665943 -0.209944
0.789986 0.467928 -0.396188
0.339197 0.83325 -0.436623
0.0427364 0.997357 -0.0587644
-0.375194 0.244511 -0.894117
0.230627 0.593741 -0.770897
0.760786 0.118624 0.63807
0.575328 0.0951494 -0.812369
-0.33312 0.674367 0.658984
0.496646 0.847467 -0.187463
0.158957 0.584011 0.79603
0.369895 0.761638 -0.532057
0.335108 0.702441 0.627917
0.0304926 0.919481 0.39195
0.113984 0.959844 -0.256336
0.662187 0.749013 -0.0220864
-0.622077 0.399425 -0.673409
0.0105741 0.859853 0.510432
0.0105135 0.398442 0.917133
0.0733924 0.557884 -0.826668
-0.0104553 0.884356 -0.466696
-0.538429 0.700278 -0.468727
-0.12508 0.990968 0.048345
0.397199 0.917027 -0.0359703
-0.334393 0.778585 0.531025
0.224234 0.965902 -0.129429
-0.848866 0.488199 -0.202703
-0.51928 0.640949 -0.565273
0.157448 0.542183 0.825377
-0.206476 0.978375 0.0122117
-0.207073 0.594901 -0.776668
0.412962 0.606936 -0.679037
0.769644 0.549592 -0.324957
0.343642 0.805585 0.482641
-0.313786 0.945717 0.0845992
-0.307136 0.342898 -0.887743
0.517497 0.765563 -0.382243
0.179228 0.930416 0.319692
0.291079 0.625321 -0.724049
0.478806 0.8619 0.166952
0.197528 0.832264 0.517995
0.202169 0.67057 -0.713767
-0.279343 0.860194 0.426655
-0.612321 0.162351 0.773761
-0.164155 0.986292 0.016779
-0.438613 0.435498 -0.786105
-0.47498 0.863796 0.16808
0.610001 0.792396 -0.00252582
0.312562 0.88171 -0.353403
0.245276 0.858104 -0.451107
0.683782 0.711643 -0.161265
-0.0864205 0.691976 0.716729
0.65419 0.753821 0.0615653
0.566184 0.7763 0.277118
0.434655 0.282568 0.85512
0.66408 0.610359 -0.431809
0.347757 0.322189 0.880488
0.674916 0.359111 -0.644614
-0.656322 0.291057 0.69608
-0.639809 0.481191 0.599249
0.0928559 0.721366 0.686301
-0.294381 0.949606 0.107649
0.440779 0.368638 0.818425
-0.331939 0.92916 0.162717
0.145339 0.98938 -0.00198326
-0.273058 0.757897 0.592479
0.464908 0.503602 -0.72818
0.409339 0.748937 -0.521089
0.921968 0.318566 0.220203
0.523447 0.852057 -0.00166055
-0.300922 0.877703 0.372938
-0.513509 0.852526 0.0975079
0.0847054 0.85344 -0.514262
0.577637 0.586786 0.567466
-0.799961 0.529883 -0.281578
0.950136 0.0785947 -0.301769
-0.764429 0.195474 -0.614359
-0.419706 0.724592 -0.546639
-0.0779933 0.730787 -0.678135
0.576495 0.704788 -0.413433
0.452153 0.799607 -0.395203
-0.0793292 0.824597 0.560131
-0.340225 0.939483 0.0402384
0.124334 0.893428 -0.431656
-0.958842 0.274825 0.0713685
0.668003 0.536545 -0.515646
0.156791 0.97317 -0.168398
0.7705 0.341681 0.53813
0.234558 0.912627 -0.334805
0.509917 0.857386 -0.0698056
-0.54186 0.517361 -0.662364
-0.325943 0.718159 0.614824
-0.699136 0.705743 -0.11461
-0.36722 0.871111 0.326059
-0.115833 0.670302 -0.732992
-0.284597 0.676896 -0.678834
0.513957 0.733489 -0.444794
-0.803205 0.274153 0.528869
0.130186 0.977029 -0.168721
-0.296411 0.770956 0.563708
0.19122 0.981056 -0.0310339
0.747165 0.257884 0.612568
0.504782 0.736227 -0.450737
-0.47609 0.557615 0.680003
-0.0397662 0.818973 0.572453
-0.139275 0.896547 -0.420483
-0.0266358 0.259099 0.965483
-0.382401 0.632189 -0.673875
0.318993 0.612322 -0.723398
0.648768 0.69 -0.320937
0.0764585 0.900742 -0.427573
-0.976928 0.0758624 0.199641
-0.0514747 0.981193 0.186041
0.69023 0.549595 0.470668
0.0904393 0.940511 -0.327504
-0.591932 0.676705 0.437821
0.347858 0.875979 0.33415
-0.382202 0.875416 0.29592
-0.223733 0.962505 -0.153386
0.513906 0.854423 0.076565
-0.317951 0.631164 -0.707487
-0.366624 0.759869 -0.536829
0.238556 0.72661 -0.644305
0.545508 0.625926 -0.557349
0.318109 0.677777 -0.662892
-0.046219 0.962447 -0.267506
0.115463 0.993263 -0.00987344
0.324894 0.865022 -0.382335
0.130413 0.981399 -0.140884
-0.211318 0.801052 0.560053
0.117237 0.649081 -0.751631
0.61346 0.765554 -0.193893
-0.0130703 0.554535 -0.832058
-0.552047 0.83329 -0.0295459
0.709189 0.44932 -0.543289
0.389503 0.860947 0.327196
-0.140901 0.986043 0.0886865
0.461061 0.802377 0.378963
0.727325 0.312729 -0.6109
0.751336 0.407125 0.519369
0.371105 0.414614 0.830889
0.523565 0.744927 -0.413477
-0.0923266 0.98233 0.162801
-0.279926 0.865551 0.415287
0.424336 0.446185 0.787945
0.254474 0.801612 0.540981
-0.765628 0.361293 -0.532242
0.127449 0.991742 0.0143132
0.147953 0.871311 -0.467896
-0.622754 0.762852 0.173879
-0.18608 0.84836 0.495641
-0.429368 0.354276 -0.830741
-0.240871 0.551606 -0.798569
0.0775636 0.751352 0.655327
0.0284349 0.990653 -0.133408
-0.345899 0.936104 0.063746
0.156323 0.73687 -0.657712
0.264945 0.936982 -0.227747
-0.597038 0.742011 -0.304902
0.551451 0.554102 -0.623597
-0.164198 0.521216 -0.83748
0.421402 0.766682 -0.484374
0.402522 0.882071 0.2448
0.0313029 0.909158 -0.415274
0.661918 0.463533 -0.589068
0.6089 0.729306 0.312015
-0.477367 0.871139 0.115059
-0.52748 0.81885 -0.226383
-0.177671 0.950862 0.253565
0.102265 0.992661 0.0645376
-0.196373 0.802656 -0.563188
0.721239 0.0693986 -0.689202
-0.487399 0.84196 -0.231398
-0.361751 0.434575 0.824791
-0.297448 0.729982 -0.615346
0.155382 0.596779 0.787217
-0.578641 0.755534 -0.307152
-0.316974 0.803274 -0.50426
0.205862 0.942046 -0.264896
-0.737181 0.671205 0.07777
0.480149 0.756353 0.444282
-0.685154 0.52402 0.505932
-0.872129 0.217875 0.438088
0.460581 0.646233 -0.60848
-0.877105 0.479656 -0.0248215
0.321277 0.945806 0.0472466
0.0525506 0.92482 0.376757
0.775227 0.629196 -0.0559881
-0.0336152 0.867413 -0.496452
0.946896 0.1747 -0.269939
0.512617 0.218838 0.830261
0.343878 0.880079 -0.327429
-0.655506 0.549127 0.518432
-0.402092 0.856535 0.323528
0.60645 0.599302 0.522547
0.676707 0.620409 -0.396435
-0.867774 0.287707 -0.405208
-0.28628 0.873725 -0.393253
-0.0799663 0.990353 0.113166
0.580238 0.767003 0.273915
-0.532702 0.510214 0.675211
-0.00530075 0.774293 0.632805
-0.276507 0.921204 -0.273727
-0.00591758 0.976146 0.217035
0.727011 0.686515 -0.0123684
-0.415212 0.602502 0.681608
-0.0773201 0.61446 -0.78515
0.940577 0.250932 0.228798
-0.0607045 0.371753 0.926345
-0.336384 0.877345 0.342215
0.644313 0.233199 0.728339
0.376771 0.915378 -0.141866
-0.505183 0.858501 -0.0881304
0.202418 0.978947 -0.026264
0.627121 0.677304 0.38468
0.0969618 0.995248 0.00891148
-0.615199 0.713791 0.334712
-0.675518 0.711677 0.19285
-0.739559 0.429942 0.517883
0.82542 0.307578 0.473368
-0.484793 0.720911 0.49524
0.640647 0.0836089 0.76327
-0.708806 0.643192 -0.289652
-0.316388 0.948465 0.0176886
0.725803 0.556766 -0.404007
-0.604658 0.350013 0.715458
-0.23533 0.882785 -0.406584
-0.338447 0.694373 0.635059
-0.826165 0.550336 -0.120759
0.683708 0.27843 -0.674552
0.189869 0.724169 0.66297
-0.18309 0.2786 -0.942794
0.43032 0.57161 0.698632
0.142487 0.915187 0.377001
-0.113838 0.673659 0.730222
0.392739 0.745467 0.538549
0.754174 0.499751 -0.425994
-0.571807 0.68309 0.45434
0.32301 0.296554 -0.898732
0.420961 0.891405 0.167897
0.155715 0.964928 -0.211346
0.614467 0.766879 0.185276
-0.353187 0.906087 0.232948
0.455848 0.350487 -0.818145
0.024384 0.645018 0.763778
0.45842 0.740486 0.491459
0.302561 0.232228 0.924406
0.834223 0.550062 -0.0387772
0.275532 0.87716 -0.393285
0.637878 0.770044 -0.0120444
-0.423442 0.576461 -0.698849
-0.371951 0.714417 0.592672
-0.538467 0.660784 -0.522894
-0.0286064 0.988014 -0.151694
-0.426894 0.888439 -0.168632
-0.765537 0.635431 0.100901
0.401677 0.849171 -0.342876
0.0279179 0.643171 -0.765213
-0.103861 0.673903 0.731483
-0.248642 0.583415 -0.773178
-0.132063 0.990951 0.0239758
-0.647721 0.663847 0.373851
0.719873 0.689164 0.0826775
-0.226587 0.464819 0.855921
-0.359949 0.818655 0.447483
0.141615 0.725516 0.673477
0.272553 0.859577 -0.432253
0.0658088 0.935828 -0.346259
-0.703647 0.699829 0.122965
0.258391 0.460117 0.849427
-0.782509 0.552146 -0.287774
-0.216654 0.921251 -0.323043
0.0514475 0.761261 0.646402
-0.556892 0.824827 0.0976321
0.181717 0.505355 -0.843561
-0.329157 0.887843 -0.321544
0.0719444 0.831487 -0.550865
0.156283 0.970813 -0.181926
-0.257338 0.378314 -0.889188
-0.365993 0.904224 0.220063
-0.175293 0.97202 0.156366
0.595523 0.787918 -0.156644
0.0443356 0.651938 -0.756975
0.867864 0.462855 -0.180492
0.319019 0.550138 -0.771735
0.678049 0.433107 0.593858
0.398558 0.244881 -0.883847
0.336316 0.463313 0.819898
-0.72193 0.324024 -0.611413
0.50964 0.841075 0.181276
0.140334 0.984156 0.108368
0.474205 0.621393 0.623699
0.528419 0.822174 0.211666
0.502264 0.777165 -0.379138
-0.213762 0.831848 0.512186
-0.549251 0.496095 0.672468
0.557014 0.590503 -0.583987
-0.304045 0.425977 -0.852115
-0.729054 0.637357 -0.249511
-0.389126 0.629095 -0.672919
-0.680403 0.72252 0.12254
0.757444 0.570411 -0.317665
-0.689337 0.580544 -0.433339
0.524111 0.768082 0.367909
-0.50045 0.81709 0.286207
-0.727878 0.274068 0.628554
0.359061 0.76039 -0.541187
-0.164033 0.866546 0.471372
0.155995 0.489246 0.858081
0.205332 0.573792 -0.792844
0.290932 0.248829 -0.92382
0.149557 0.488049 -0.859907
0.184652 0.602742 0.776277
0.653813 0.310716 -0.689916
0.182842 0.878344 0.441679
0.174092 0.617205 0.7673
-0.142252 0.738016 0.659618
0.720155 0.47749 0.503368
0.521225 0.780785 -0.344527
-0.724026 0.394335 0.565938
0.466465 0.498466 0.730714
-0.028515 0.60864 0.792934
0.477945 0.653853 -0.586553
-0.647197 0.476489 -0.595058
-0.591553 0.74596 -0.305955
-0.354506 0.153524 -0.922364
-0.272574 0.957547 -0.0938471
0.20097 0.457972 0.865952
0.325086 0.530851 -0.782635
-0.16285 0.845637 0.508308
0.683248 0.54611 0.484702
-0.354585 0.928158 0.113105
-0.267853 0.61737 0.739669
0.996314 0.0844109 -0.0152699
-0.252044 0.966017 -0.0573147
-0.286841 0.215449 0.933437
-0.748618 0.601279 -0.279346
-0.266178 0.482938 0.834218
-0.0530161 0.758252 0.649802
-0.260534 0.904368 -0.337996
0.324111 0.885999 -0.331597
-0.0513885 0.983013 -0.176196
-0.231357 0.148679 0.961441
0.343101 0.81925 -0.459469
-0.453088 0.237999 0.859109
0.687115 0.647908 0.328767
-0.696452 0.715686 -0.0524176
-0.449177 0.893392 -0.00950108
0.735439 0.614718 0.285046
-0.325646 0.942275 0.0779304
-0.720592 0.627211 -0.295558
0.574181 0.759811 -0.304965
-0.0898469 0.437049 -0.894939
-0.355022 0.456115 0.816038
-0.771309 0.578927 0.264437
-0.390796 0.704647 -0.592242
-0.412722 0.840472 0.351093
0.5959 0.660361 0.456975
-0.505272 0.574129 -0.644265
-0.216718 0.974383 -0.0600891
-0.0463623 0.996392 0.0710896
-0.13007 0.970306 -0.203932
-0.513769 0.85002 0.116222
-0.68303 0.712252 -0.161763
-0.606268 0.775581 -0.17582
0.518049 0.809033 -0.277654
0.711949 0.249164 0.656541
0.498058 0.832685 0.24202
-0.127528 0.973731 0.188638
0.498367 0.819527 0.282853
0.0740038 0.997256 0.00170935
-0.197894 0.925858 -0.321908
-0.523609 0.813652 0.252596
0.861169 0.423765 -0.280734
-0.507302 0.740305 -0.441127
0.281781 0.523348 -0.804181
<0.00136542,0.999965,0.00829741>
