c
eye	-50 150 250
at   0  -5  0
u 0 1 0
i 120 90
p 400 300
f 14
c

o
ms 3 3
s 3
gi 1
rc 3
rf 4
c 1
dof 1
accel 1
hilbert 0
o

push
rotate 1 0 0 90

m
kd 0.7 0.2 0.2
ks 0.3 0.3 0.3
p 32
m

s -25 0 -25 2
s -25 0 -20 2
s -25 0 -15 2
s -25 0 -10 2
s -25 0 -5  2
s -25 0 0   2
s -25 0 5   2
s -25 0 10  2
s -25 0 15  2
s -25 0 20  2
s -25 0 25  2

s -20 0 -25 2
s -20 0 -20 2
s -20 0 -15 2
s -20 0 -10 2
s -20 0 -5  2
s -20 0 0   2
s -20 0 5   2
s -20 0 10  2
s -20 0 15  2
s -20 0 20  2
s -20 0 25  2

s -15 0 -25 2
s -15 0 -20 2
s -15 0 -15 2
s -15 0 -10 2
s -15 0 -5  2
s -15 0 0   2
s -15 0 5   2
s -15 0 10  2
s -15 0 15  2
s -15 0 20  2
s -15 0 25  2

s -10 0 -25 2
s -10 0 -20 2
s -10 0 -15 2
s -10 0 -10 2
s -10 0 -5  2
s -10 0 0   2
s -10 0 5   2
s -10 0 10  2
s -10 0 15  2
s -10 0 20  2
s -10 0 25  2

s -5 0 -25 2
s -5 0 -20 2
s -5 0 -15 2
s -5 0 -10 2
s -5 0 -5  2
s -5 0 0   2
s -5 0 5   2
s -5 0 10  2
s -5 0 15  2
s -5 0 20  2
s -5 0 25  2

s 0 0 -25 2
s 0 0 -20 2
s 0 0 -15 2
s 0 0 -10 2
s 0 0 -5  2
s 0 0 0	  2
s 0 0 5   2
s 0 0 10  2
s 0 0 15  2
s 0 0 20  2
s 0 0 25  2

s 5 0 -25 2
s 5 0 -20 2
s 5 0 -15 2
s 5 0 -10 2
s 5 0 -5  2
s 5 0 0   2
s 5 0 5   2
s 5 0 10  2
s 5 0 15  2
s 5 0 20  2
s 5 0 25  2

s 10 0 -25 2
s 10 0 -20 2
s 10 0 -15 2
s 10 0 -10 2
s 10 0 -5  2
s 10 0 0   2
s 10 0 5   2
s 10 0 10  2
s 10 0 15  2
s 10 0 20  2
s 10 0 25  2

s 15 0 -25 2
s 15 0 -20 2
s 15 0 -15 2
s 15 0 -10 2
s 15 0 -5  2
s 15 0 0   2
s 15 0 5   2
s 15 0 10  2
s 15 0 15  2
s 15 0 20  2
s 15 0 25  2

s 20 0 -25 2
s 20 0 -20 2
s 20 0 -15 2
s 20 0 -10 2
s 20 0 -5  2
s 20 0 0   2
s 20 0 5   2
s 20 0 10  2
s 20 0 15  2
s 20 0 20  2
s 20 0 25  2


s 25 0 -25 2
s 25 0 -20 2
s 25 0 -15 2
s 25 0 -10 2
s 25 0 -5  2
s 25 0 0   2
s 25 0 5   2
s 25 0 10  2
s 25 0 15  2
s 25 0 20  2
s 25 0 25  2



m
kd 0.01 0.01 0.01
ki 1 1 1
a 0 0 0
n 1.3
m

/t	30 -2 -30	-30 -2 -30	-30 -2 30
/t	30 -2 -30	-30 -2 30	30 -2 30

q  30 -2 -30	-30 -2 -30	-30 -2  30	 30 -2  30
q  30 -2  30	-30 -2  30	-30 -4  30	 30 -4  30
q  30 -2 -30	 30 -2  30   30 -4  30   30 -4 -30
q -30 -2  30	-30 -2 -30  -30 -4 -30	-30 -4  30
q -30 -2 -30	 30 -2 -30   30 -4 -30  -30 -4 -30
//q -30 -4 -30	 30 -4 -30	 30 -4  30	-30 -4  30
/*
q  30 -8  -30	-30 -8  -30	 -30 -8   30	 30 -8  30
q  30 -8   30	-30 -8   30	 -30 -10  30	 30 -10  30
q  30 -8  -30	 30 -8   30   30 -10  30     30 -10 -30
q -30 -8   30	-30 -8  -30  -30 -10 -30	-30 -10  30
q -30 -8  -30	 30 -8  -30   30 -10 -30    -30 -10 -30
q -30 -10 -30	 30 -10 -30	  30 -10  30	-30 -10  30
*/
m
ki 1 1 1
ks .5 .5 .5
p 64
m

q  30 -4.1 -30	-30 -4.1 -30	-30 -4.1  30	 30 -4.1  30
q  30 -4.1  30	-30 -4.1  30	-30 -7.9  30	 30 -7.9  30
q  30 -4.1 -30	 30 -4.1  30	 30 -7.9  30     30 -7.9 -30
q -30 -4.1  30	-30 -4.1 -30    -30 -7.9 -30	-30 -7.9  30
q -30 -4.1 -30	 30 -4.1 -30     30 -7.9 -30	-30 -7.9 -30
q -30 -7.9 -30	 30 -7.9 -30	 30 -7.9  30	-30 -7.9  30


l
p 50 50 50
c 1 1 1
r 1
k 1
point

pop

m
kd 0.2 0.2 0.2
ks 0.5 0.5 0.5
p 64
m

p 0 1 0 0 -50 0
p 1 0 0 -75 0 0
p -1 0 0 75 0 0
p 0 -1 0 0 200 0
p 0 0 1 0 0 -40
p 0 0 -1 0 0 300